
strategic_region={
	id=212
	name="STRATEGICREGION_212"
	provinces={
		492 638 860 866 913 968 1019 1077 1132 1163 1433 1453 1480 1485 1547 1556 1572 1584 1587 1615 1758 1843 1913 1987 3994 4168 4464 4491 4510 4535 4565 4594 4622 4650 4653 4756 5059 5090 6943 7012 7045 7083 7118 7134 7138 7202 7388 7422 7464 7480 7524 7527 7552 7583 7612 7615 7640 7643 7668 7791 7797 8014 8083 8110 9834 9876 9949 9967 9996 10029 10047 10051 10081 10096 10192 10281 10352 10380 10394 10407 10410 10437 10449 10465 10468 10489 10492 10495 10520 10615 10657 10753 10824 10909 11509 11717 11783 11927 11942 11975 12054 12325 12328 12353 12381 12384 12398 12429 12439 12445 12470 12498 12501 12670 12735 12752 12803 
	}
	weather={
	}
}
