
strategic_region={
	id=213
	name="STRATEGICREGION_213"
	provinces={
		414 422 438 441 462 474 476 491 513 536 550 565 572 577 741 754 3407 3412 3430 3457 3470 3483 3511 3548 3562 3570 3575 3577 3701 3704 3707 3724 3738 3743 3757 6429 6431 6435 6455 6460 6480 6483 6509 6520 6557 6571 6593 6600 6727 6743 9423 9425 9435 9454 9466 9468 9481 9493 9533 9548 9558 9563 9576 9683 9698 9714 11411 11427 11441 11464 11477 11479 11490 11514 11536 11543 11550 11670 11686 11691 11703 11705 
	}
	weather={
	}
}
